# This file is generated by MACS version 1.4.0rc2 20110214
# ARGUMENTS LIST:
# name = LoVo_GATA2
# format = BAM
# ChIP-seq file = /wrk2/martin/aligned/merged//LoVo_GATA2_Goat.bam
# control file = /wrk2/martin/aligned/merged/LoVo_IgG_Goat.bam
# effective genome size = 2.75e+09
# band width = 300
# model fold = 2,6
# pvalue cutoff = 1.00e-05
# Small dataset will be scaled towards larger dataset.
# Range for calculating regional lambda is: 1000 bps and 10000 bps

# tag size is determined as 36 bps
# total tags in treatment: 12954183
# tags after filtering in treatment: 9568998
# maximum duplicate tags at the same position in treatment = 1
# Redundant rate in treatment: 0.26
# total tags in control: 52744122
# tags after filtering in control: 37934038
# maximum duplicate tags at the same position in control = 1
# Redundant rate in control: 0.28
# d = 307
chr	start	end	length	summit	tags	-10*log10(pvalue)	fold_enrichment	FDR(%)
1	1087599	1088862	1264	637	17	173.13	3.00	25.88	25.52
1	1552805	1553703	899	226	12	282.54	4.34	26.54	22.64
1	1561860	1562770	911	549	12	383.97	7.49	27.12	22.48
1	2076333	2077527	1195	416	20	200.84	2.23	25.20	23.97
1	2427698	2428991	1294	458	19	385.67	3.66	28.07	22.48
1	2529315	2530261	947	668	14	316.76	3.72	22.95	22.48
1	2618817	2619638	822	294	12	143.84	2.23	29.95	29.95
1	3218869	3219787	919	620	13	209.93	2.51	25.00	23.97
1	3763709	3764411	703	257	14	185.14	2.17	25.04	24.88
1	3774624	3775555	932	393	13	181.34	2.71	25.64	25.37
1	3775754	3776656	903	301	12	208.68	2.53	25.28	23.97
1	4606766	4607739	974	305	14	260.20	3.29	26.27	22.64
1	4709354	4710514	1161	549	19	281.49	2.51	27.11	22.64
1	6156605	6157593	989	691	13	184.67	2.35	25.00	24.96
1	7551396	7552513	1118	480	14	159.43	2.51	26.81	26.46
1	11718299	11719928	1630	720	34	247.05	2.02	23.16	22.67
1	12013168	12014080	913	367	12	206.77	3.26	25.27	23.97
1	16336720	16337576	857	281	12	137.29	2.01	31.84	31.84
1	16420265	16421289	1025	515	16	195.67	2.16	24.63	23.97
1	16660619	16661492	874	576	12	140.77	2.33	31.25	31.25
1	17186630	17187549	920	623	13	243.40	3.00	24.29	22.67
1	17392966	17393803	838	533	13	172.86	2.33	25.80	25.52
1	18059430	18060609	1180	577	17	253.85	2.57	24.28	22.64
1	18583916	18584824	909	290	13	185.82	2.71	25.24	24.88
1	20652806	20654062	1257	520	19	241.51	2.33	23.96	22.67
1	21813673	21814728	1056	527	14	230.47	3.09	23.08	22.67
1	22857550	22858772	1223	553	21	282.47	2.17	26.38	22.64
1	25071592	25072287	696	356	12	174.17	2.28	25.99	25.52
1	25197493	25198398	906	439	13	198.92	2.62	25.39	23.97
1	27740719	27741762	1044	429	14	172.01	2.51	25.83	25.52
1	28160589	28161325	737	402	13	209.48	2.76	24.94	23.97
1	28326555	28327401	847	576	12	170.69	2.44	26.10	25.97
1	29481005	29481799	795	365	12	178.48	2.40	25.62	25.52
1	29591990	29592864	875	496	13	178.33	2.00	25.54	25.52
1	30733761	30734851	1091	641	16	273.41	2.93	27.47	22.64
1	31032815	31033677	863	577	13	144.86	2.04	29.57	29.57
1	31152853	31153716	864	425	16	193.48	2.16	24.82	23.97
1	31991315	31992361	1047	613	13	160.92	2.17	26.48	26.33
1	32009060	32009967	908	539	12	155.29	2.38	26.54	26.46
1	32572004	32573497	1494	769	27	312.79	2.17	23.02	22.48
1	32963379	32964563	1185	634	16	213.87	2.17	24.64	23.97
1	33134058	33134717	660	280	12	160.36	2.18	26.41	26.41
1	36902708	36903588	881	514	12	164.21	2.17	26.58	26.33
1	36999966	37001028	1063	453	15	210.16	2.17	25.06	23.97
1	39422122	39423201	1080	779	15	173.13	2.06	25.84	25.52
1	40103574	40104620	1047	594	16	192.58	2.17	24.43	23.97
1	40202703	40203408	706	413	13	249.21	2.96	23.31	22.67
1	41662749	41663746	998	725	16	230.66	2.22	23.21	22.67
1	41757499	41758464	966	618	14	201.95	2.44	25.10	23.97
1	41765447	41766737	1291	681	20	302.82	2.71	22.70	22.64
1	43302798	43303656	859	527	15	255.26	2.44	24.79	22.64
1	43475287	43476126	840	360	13	160.42	2.17	26.47	26.41
1	44307406	44308238	833	533	13	206.32	2.78	25.11	23.97
1	48132523	48133469	947	650	15	175.49	2.04	25.84	25.52
1	48463679	48464566	888	403	14	210.41	2.87	25.17	23.97
1	50587450	50588476	1027	606	16	227.69	2.00	23.23	23.10
1	51528429	51529460	1032	550	17	242.08	2.14	24.38	22.67
1	53333234	53334759	1526	953	26	321.84	2.04	23.28	22.48
1	53537730	53539017	1288	716	19	240.82	2.62	23.89	22.67
1	53929161	53930364	1204	616	16	217.79	2.53	24.68	23.97
1	64587020	64587926	907	250	12	186.43	2.24	24.88	24.84
1	93417705	93419165	1461	720	29	218.77	2.17	25.00	23.97
1	110464356	110465352	997	302	14	183.54	2.04	24.96	24.96
1	110597263	110598120	858	280	13	194.75	2.42	24.64	23.97
1	148746674	148747530	857	302	12	148.46	2.16	28.19	28.16
1	154198855	154199748	894	639	13	174.53	2.00	25.93	25.52
1	158370256	158371183	928	305	13	155.17	2.56	26.52	26.46
1	161869594	161870511	918	628	12	144.71	2.26	29.64	29.64
1	163852601	163853475	875	580	12	169.49	3.06	26.44	26.13
1	166332295	166333151	857	524	12	166.03	2.14	26.77	26.33
1	167856058	167856926	869	603	13	172.87	2.17	25.84	25.52
1	188744574	188745493	920	300	13	144.96	2.17	29.49	29.49
1	192672444	192673455	1012	391	13	166.82	2.17	26.91	26.33
1	199243113	199243868	756	287	13	219.65	2.99	25.07	23.97
1	201124055	201125332	1278	744	30	214.95	2.27	25.12	23.97
1	203016505	203017353	849	270	12	157.20	2.26	26.96	26.46
1	205733127	205734068	942	297	13	150.21	2.06	27.75	27.75
1	206431873	206432778	906	419	13	174.91	2.29	25.97	25.52
1	222689046	222690058	1013	286	20	232.61	2.14	24.07	22.67
1	226324433	226325365	933	304	13	212.56	2.58	24.24	23.97
1	226405483	226406469	987	718	13	157.30	2.00	26.99	26.46
10	347045	348190	1146	559	14	166.52	2.94	26.97	26.33
10	1092651	1093256	606	303	12	163.48	2.17	26.47	26.33
10	1206686	1207602	917	618	13	217.64	2.93	24.62	23.97
10	1476228	1477133	906	623	12	158.30	2.15	26.62	26.46
10	1537065	1537969	905	295	12	165.36	2.25	26.60	26.33
10	1712048	1712943	896	298	12	178.86	2.71	25.58	25.51
10	14919333	14920654	1322	698	25	214.42	2.04	24.76	23.97
10	42903247	42904063	817	354	12	202.64	2.53	25.20	23.97
10	47080891	47082016	1126	440	16	207.60	2.26	25.76	23.97
10	48093060	48094046	987	646	13	137.77	2.01	31.93	31.77
10	49686827	49688015	1189	651	15	214.61	3.41	24.82	23.97
10	72461748	72462683	936	661	13	166.47	2.26	26.93	26.33
10	73702340	73705639	3300	1450	102	732.69	2.07	100	22.48
10	79100509	79101335	827	409	12	178.88	2.23	25.70	25.51
10	79613710	79614603	894	591	12	148.91	2.26	28.12	28.11
10	79735547	79736526	980	633	16	185.19	2.16	25.08	24.88
10	80330973	80331863	891	604	12	154.45	2.33	26.65	26.53
10	83673217	83674062	846	348	12	161.57	2.31	26.67	26.33
10	87866365	87867432	1068	495	19	379.64	3.62	27.87	22.48
10	88717210	88718788	1579	769	26	310.05	2.04	22.66	22.48
10	88802382	88803231	850	258	13	252.11	2.53	24.00	22.64
10	95670811	95671655	845	578	13	173.93	2.12	26.02	25.52
10	101253267	101254045	779	488	13	162.30	2.04	27.02	26.33
10	102662586	102663678	1093	361	20	156.20	2.08	26.75	26.46
10	104144109	104145238	1130	570	18	182.78	2.17	25.04	25.04
10	104484809	104485746	938	390	13	174.39	2.10	25.82	25.52
10	104584030	104585391	1362	632	20	168.93	2.23	26.30	26.13
10	120031962	120032930	969	372	15	236.67	2.53	24.34	22.67
10	120234979	120235839	861	288	15	221.92	2.33	24.60	23.97
10	120504500	120505583	1084	377	18	157.90	2.17	26.98	26.46
10	121040698	121041859	1162	537	20	332.78	2.99	25.24	22.48
10	121214571	121215479	909	281	12	146.27	2.26	28.72	28.69
10	122827792	122828711	920	624	14	161.73	2.30	26.71	26.33
10	122836725	122837690	966	707	14	159.98	2.17	26.48	26.45
10	129485059	129486165	1107	732	21	230.10	2.44	22.94	22.67
10	129755165	129755850	686	283	12	158.10	2.04	26.93	26.46
10	130152399	130153407	1009	443	52	617.42	2.92	50.00	22.48
10	130159548	130160640	1093	430	16	270.69	3.55	27.23	22.64
10	130305803	130306731	929	668	13	181.92	2.44	25.15	25.11
10	132478358	132479781	1424	544	23	269.66	2.44	26.80	22.64
10	133372035	133372953	919	586	12	171.58	2.07	25.52	25.52
10	133943294	133944305	1012	648	16	377.12	3.72	25.76	22.48
10	134024056	134025350	1295	623	15	170.55	2.99	26.07	25.97
10	134078351	134079397	1047	500	15	182.03	2.09	25.19	25.11
10	134602056	134602969	914	618	12	165.16	2.55	26.66	26.33
10	134775042	134775936	895	299	13	222.19	3.26	24.53	23.97
10	134793714	134794629	916	617	12	206.20	3.62	24.89	23.97
10	134872171	134873093	923	639	14	247.33	2.61	23.33	22.67
10	134906154	134907070	917	617	14	295.12	3.66	24.83	22.64
10	135000961	135002421	1461	853	22	276.90	2.56	26.97	22.64
11	257550	258482	933	659	15	220.62	2.00	24.47	23.97
11	605153	606485	1333	782	19	166.47	2.17	26.90	26.33
11	631951	633660	1710	783	43	678.82	4.16	60.00	22.48
11	1022068	1023226	1159	563	18	235.90	2.09	23.87	22.67
11	1720230	1721142	913	506	12	159.75	2.19	26.77	26.46
11	2174294	2175104	811	295	12	164.66	2.00	26.65	26.33
11	3083079	3083951	873	350	12	165.70	2.17	26.67	26.33
11	9070091	9071006	916	682	12	142.64	2.22	30.33	30.33
11	11216923	11217790	868	518	12	159.97	2.35	26.45	26.45
11	15884499	15885474	976	619	13	167.41	2.36	26.60	26.33
11	22442317	22443193	877	604	13	192.28	2.71	24.22	23.97
11	33628219	33629151	933	670	13	131.99	2.04	33.78	33.78
11	33756036	33757330	1295	694	17	150.91	2.17	27.42	27.42
11	44967174	44968020	847	417	12	157.58	2.00	27.08	26.46
11	45161302	45162430	1129	563	15	142.05	2.04	30.47	30.47
11	45587065	45587916	852	561	13	216.99	2.71	24.43	23.97
11	46354007	46354889	883	580	12	210.66	2.51	24.89	23.97
11	47335814	47337039	1226	548	18	177.30	2.30	26.12	25.52
11	56834283	56835125	843	300	12	140.93	2.25	31.21	31.18
11	60252329	60253173	845	277	14	175.06	2.06	25.76	25.52
11	61761113	61761984	872	577	13	193.32	2.71	24.78	23.97
11	64325387	64326285	899	603	12	160.91	2.17	26.45	26.33
11	64635360	64636520	1161	701	20	208.11	2.74	25.66	23.97
11	65438950	65439777	828	527	13	161.76	2.37	26.74	26.33
11	65441365	65442113	749	470	13	192.94	2.09	24.56	23.97
11	66116715	66118055	1341	574	28	253.36	2.21	24.18	22.64
11	67110284	67111343	1060	755	16	176.55	2.04	25.75	25.52
11	67268796	67269884	1089	423	16	214.83	2.51	25.06	23.97
11	67562062	67563493	1432	714	27	348.55	2.68	25.00	22.48
11	68879601	68880726	1126	487	15	169.16	2.34	26.34	26.13
11	69119701	69120713	1013	563	14	188.08	2.38	24.43	24.39
11	69164602	69165643	1042	754	15	140.32	2.42	31.62	31.62
11	69766159	69767099	941	658	15	264.48	2.48	26.57	22.64
11	70382468	70383574	1107	731	16	211.27	2.51	24.83	23.97
11	70512195	70513177	983	621	14	272.77	4.32	27.72	22.64
11	70869237	70870183	947	289	14	190.37	2.26	24.24	24.20
11	76086770	76087475	706	302	12	194.46	2.35	25.09	23.97
11	92077961	92078961	1001	567	24	305.35	2.07	23.36	22.64
11	102106238	102107482	1245	770	19	169.72	2.06	26.22	26.13
11	124219615	124220529	915	274	13	170.44	2.26	26.04	25.97
11	125909885	125910797	913	611	13	200.81	2.37	25.15	23.97
11	126238120	126238995	876	572	13	208.42	3.26	25.77	23.97
11	134374398	134375335	938	511	13	166.10	2.51	26.83	26.33
12	150593	151564	972	524	14	199.15	2.96	25.05	23.97
12	151578	152478	901	511	13	191.98	2.51	24.05	23.97
12	1571816	1572975	1160	397	20	195.46	2.12	24.49	23.97
12	1911924	1912832	909	581	18	262.94	2.24	26.32	22.64
12	2868491	2871164	2674	1802	63	571.88	2.71	50.00	22.48
12	4935373	4936385	1013	413	14	161.31	2.06	26.55	26.33
12	5413739	5414592	854	566	12	176.39	2.27	25.96	25.52
12	5637700	5638575	876	304	12	136.02	2.04	32.27	32.27
12	6449521	6450976	1456	544	35	435.52	3.26	41.94	22.48
12	7200226	7201401	1176	632	15	191.28	2.19	24.10	24.02
12	7271246	7272169	924	280	13	123.79	2.30	39.77	39.77
12	34279792	34281023	1232	597	15	126.29	2.24	38.10	38.06
12	34346758	34347634	877	304	12	171.97	2.55	25.79	25.52
12	46290414	46291406	993	371	17	241.06	2.28	24.05	22.67
12	47809782	47812069	2288	1404	66	347.19	2.05	24.18	22.48
12	47976383	47977223	841	559	12	146.84	2.09	28.73	28.69
12	50595010	50595964	955	368	15	185.28	2.37	25.12	24.88
12	50802486	50803512	1027	415	14	137.63	2.04	31.84	31.77
12	51039546	51040442	897	295	14	197.85	2.71	25.29	23.97
12	51284601	51285455	855	515	12	157.31	2.02	27.02	26.46
12	52843503	52844497	995	641	19	267.42	2.65	27.23	22.64
12	54326190	54327569	1380	1002	25	330.53	2.24	25.00	22.48
12	54373855	54375001	1147	605	17	206.30	2.04	25.05	23.97
12	54922533	54923431	899	302	12	179.86	2.13	25.48	25.44
12	55165921	55166999	1079	410	16	170.37	2.01	26.00	25.97
12	55167033	55169094	2062	699	38	269.13	2.26	26.53	22.64
12	55774505	55775381	877	302	13	155.33	2.42	26.57	26.46
12	55852613	55853948	1336	787	20	232.83	3.04	24.15	22.67
12	55855266	55856161	896	613	13	174.13	2.00	25.92	25.52
12	56158819	56159812	994	708	15	207.49	2.00	25.65	23.97
12	57228139	57229411	1273	712	16	125.46	2.07	38.80	38.80
12	63206881	63207638	758	299	13	172.61	2.31	25.66	25.52
12	65375373	65376615	1243	607	16	149.66	2.09	28.03	28.00
12	68264801	68266068	1268	798	34	364.31	2.68	26.76	22.48
12	70797988	70798938	951	269	14	189.56	2.26	24.54	24.38
12	74687258	74688242	985	277	21	276.77	2.06	26.82	22.64
12	92269833	92271040	1208	587	24	292.09	2.40	25.17	22.64
12	94754520	94755944	1425	743	24	392.59	3.56	31.37	22.48
12	103350204	103351140	937	472	17	253.13	2.94	23.79	22.64
12	104414309	104415426	1118	626	13	88.07	2.01	85.23	85.23
12	106140762	106141578	817	406	12	176.68	2.17	25.78	25.52
12	106266400	106267380	981	547	15	156.98	2.11	26.87	26.46
12	107101475	107102779	1305	602	16	136.61	2.05	31.88	31.84
12	107280540	107282149	1610	603	24	300.17	2.11	23.78	22.64
12	107307124	107308029	906	558	14	171.76	2.17	25.66	25.52
12	107495971	107497555	1585	1124	29	354.71	2.29	26.25	22.48
12	108557586	108558798	1213	536	23	386.65	3.26	28.57	22.48
12	109293739	109294801	1063	617	17	183.82	2.27	25.12	24.96
12	109852272	109853334	1063	299	16	216.77	2.22	24.50	23.97
12	110627349	110628167	819	297	12	130.15	2.04	34.71	34.71
12	110684314	110685674	1361	612	20	188.97	2.05	24.71	24.38
12	111713429	111714484	1056	691	17	231.65	2.33	23.64	22.67
12	112050000	112051267	1268	649	18	206.03	2.47	24.84	23.97
12	112085697	112086605	909	298	14	236.70	2.74	24.42	22.67
12	112237575	112238385	811	363	13	186.49	2.19	24.64	24.64
12	112511301	112512191	891	405	12	176.73	2.37	25.93	25.52
12	116165119	116166385	1267	603	20	269.31	2.36	26.67	22.64
12	116243927	116244941	1015	626	20	307.72	2.17	23.66	22.64
12	116588926	116589779	854	433	12	123.80	2.04	39.81	39.77
12	118444643	118445574	932	538	13	154.43	2.33	26.62	26.53
12	120458578	120459527	950	676	17	211.37	2.30	24.88	23.97
12	120741449	120742304	856	267	12	216.09	2.51	24.75	23.97
12	120745675	120746612	938	530	14	219.50	2.59	25.19	23.97
12	120846781	120847881	1101	572	15	172.14	2.56	25.86	25.52
12	121910729	121911918	1190	505	17	221.18	2.26	24.54	23.97
12	122037797	122038636	840	553	12	182.10	2.31	25.27	25.11
12	122494701	122495521	821	348	12	139.77	2.17	31.78	31.75
12	123076542	123077401	860	592	14	228.17	2.48	22.92	22.79
12	123320266	123321332	1067	570	14	143.40	2.19	30.16	30.16
12	123418427	123419556	1130	477	20	277.81	2.17	26.86	22.64
12	124003093	124004058	966	587	14	215.45	2.33	24.57	23.97
12	124139675	124140621	947	642	17	212.09	2.11	24.42	23.97
12	124347168	124348236	1069	429	15	191.14	2.49	24.10	24.02
12	124565704	124566984	1281	731	20	196.98	2.35	25.14	23.97
12	124727917	124729648	1732	844	32	349.45	2.23	25.58	22.48
12	126285826	126286646	821	535	12	137.70	2.14	31.87	31.77
12	127228621	127229537	917	301	15	194.76	2.17	24.68	23.97
12	127383171	127384383	1213	579	18	241.00	2.74	23.97	22.67
12	128152481	128153662	1182	445	15	206.23	2.67	25.00	23.97
12	128992338	128993388	1051	488	17	255.71	2.82	25.00	22.64
12	129274265	129275416	1152	518	21	322.09	3.28	23.68	22.48
12	129633763	129634655	893	342	13	217.07	2.53	24.49	23.97
12	129809866	129810856	991	269	16	213.10	2.04	24.47	23.97
12	129832704	129833612	909	333	12	178.01	2.44	25.90	25.52
12	130212781	130213527	747	289	12	163.66	2.06	26.51	26.33
12	130482893	130483689	797	255	12	195.59	3.26	24.58	23.97
12	130544960	130545828	869	487	13	174.18	2.43	26.03	25.52
12	130589671	130590499	829	411	14	169.44	2.16	26.41	26.13
12	130647235	130648167	933	297	13	154.25	2.09	26.58	26.58
12	130671486	130672334	849	568	12	191.12	3.07	24.06	24.02
12	130733394	130734239	846	562	12	145.90	2.33	29.11	29.08
12	130962874	130964088	1215	579	17	278.36	3.26	27.33	22.64
12	130977661	130978805	1145	602	17	211.45	2.31	24.71	23.97
12	131417128	131418088	961	283	14	216.47	2.62	24.88	23.97
12	131435759	131437052	1294	557	19	201.12	2.04	25.10	23.97
12	131497698	131498856	1159	284	20	270.86	2.39	27.37	22.64
12	131509192	131510163	972	597	14	147.29	2.04	28.54	28.51
12	131517964	131518879	916	292	12	175.18	2.41	25.80	25.52
12	131523560	131524478	919	353	12	199.97	2.80	25.00	23.97
12	131542127	131543025	899	601	12	165.04	2.23	26.59	26.33
12	131550648	131551527	880	560	13	165.56	2.11	26.63	26.33
12	131604522	131605587	1066	765	16	250.73	2.59	23.17	22.64
12	131631058	131631793	736	275	14	187.28	2.30	24.51	24.51
12	131664227	131665096	870	282	12	236.05	3.26	23.95	22.67
12	131924120	131924972	853	289	13	218.51	2.44	24.81	23.97
13	20549228	20550353	1126	648	17	273.69	2.67	27.62	22.64
13	21362571	21363408	838	536	12	153.22	2.41	26.83	26.83
13	22852926	22853868	943	647	14	213.28	3.09	24.59	23.97
13	27379271	27380043	773	371	14	216.81	2.58	24.56	23.97
13	30316360	30317447	1088	583	19	234.92	2.16	24.28	22.67
13	30595606	30596417	812	345	13	178.44	2.33	25.58	25.52
13	106823248	106824232	985	300	14	182.90	2.26	25.19	25.04
13	109325438	109326207	770	401	12	186.64	2.44	24.72	24.64
13	109493415	109494609	1195	443	17	282.41	3.26	26.22	22.64
13	111070992	111071877	886	581	12	170.28	2.27	26.06	26.06
13	111677483	111678356	874	334	13	192.90	2.44	24.51	23.97
13	111905706	111906632	927	497	13	168.16	2.00	26.26	26.13
13	112633266	112634185	920	508	16	170.37	2.06	25.97	25.97
13	112861519	112862189	671	381	12	222.41	2.91	24.40	23.97
13	113052538	113053448	911	290	12	145.92	2.00	29.14	29.08
14	23105702	23107315	1614	1012	35	283.87	2.09	26.42	22.64
14	24634745	24635623	879	614	12	164.58	2.17	26.59	26.33
14	33780451	33781311	861	361	12	159.99	2.07	26.51	26.45
14	64709995	64711211	1217	634	18	272.62	3.12	27.57	22.64
14	68027999	68028975	977	426	14	154.36	2.34	26.56	26.53
14	72790055	72790966	912	283	12	206.96	2.53	25.32	23.97
14	74511941	74512827	887	472	12	180.56	2.11	25.56	25.37
14	75808383	75809452	1070	408	15	230.80	3.02	23.28	22.67
14	76392324	76393243	920	659	13	206.21	3.07	24.95	23.97
14	76811463	76812730	1268	660	18	198.14	2.17	25.38	23.97
14	80356096	80357015	920	419	13	201.08	2.69	25.05	23.97
14	90828976	90829864	889	424	12	189.83	2.87	24.41	24.38
14	97063691	97064545	855	556	13	212.92	2.67	24.41	23.97
14	99223406	99224717	1312	530	19	227.10	2.29	23.10	23.10
14	99674467	99675337	871	581	13	179.14	2.26	25.59	25.51
14	100062577	100063821	1245	594	29	406.39	2.91	36.59	22.48
14	100242530	100243444	915	637	13	200.40	2.67	25.10	23.97
14	100555878	100557088	1211	635	20	241.70	2.04	24.13	22.67
14	101143302	101144429	1128	500	21	326.21	2.33	24.30	22.48
14	102617685	102618569	885	596	12	191.11	2.24	24.02	24.02
14	103750617	103752124	1508	708	25	399.85	2.99	31.91	22.48
14	104233083	104234047	965	588	13	229.96	2.56	22.87	22.67
14	104409087	104410385	1299	620	20	359.22	3.66	26.67	22.48
14	105159473	105160388	916	269	12	188.12	2.61	24.47	24.39
14	105220304	105221219	916	611	13	354.92	4.56	26.58	22.48
14	105395248	105396104	857	416	12	247.99	4.29	23.42	22.67
15	19280679	19281950	1272	665	24	259.84	2.44	26.15	22.64
15	25590973	25591845	873	499	12	130.26	2.17	34.55	34.55
15	26023924	26024764	841	302	12	180.42	2.57	25.45	25.37
15	27193595	27194700	1106	726	17	257.06	2.71	25.43	22.64
15	39032661	39034067	1407	374	44	372.11	2.08	25.37	22.48
15	39566651	39568063	1413	800	28	295.68	2.17	25.00	22.64
15	39607675	39608501	827	295	12	138.63	2.17	31.86	31.77
15	39632660	39633780	1121	467	15	132.32	2.11	33.85	33.78
15	39937556	39938862	1307	527	21	304.65	2.76	23.02	22.64
15	66320718	66321531	814	517	13	137.80	2.21	31.96	31.77
15	67464948	67465930	983	494	24	397.64	2.49	30.00	22.48
15	67740640	67742093	1454	695	23	213.39	2.06	24.47	23.97
15	68694643	68695845	1203	731	20	250.20	2.30	23.08	22.64
15	72493406	72494808	1403	770	18	185.89	2.51	25.12	24.88
15	72677300	72678520	1221	664	26	289.21	2.37	26.14	22.64
15	72951799	72953364	1566	793	46	305.59	2.05	23.53	22.64
15	73314191	73315095	905	282	15	197.43	2.17	25.14	23.97
15	75096678	75097527	850	501	13	166.66	2.05	26.88	26.33
15	77326683	77327280	598	299	12	157.18	2.09	26.93	26.46
15	78694163	78695554	1392	743	22	168.43	2.09	26.30	26.13
15	81394688	81395857	1170	583	19	258.13	2.31	26.01	22.64
15	87754299	87755468	1170	563	18	233.60	2.56	24.14	22.67
15	99018030	99019002	973	685	14	171.32	2.33	25.59	25.59
16	73608	74632	1025	551	15	234.09	2.35	24.21	22.67
16	79467	80270	804	268	12	179.36	2.44	25.52	25.51
16	631124	631818	695	325	16	271.91	2.89	27.66	22.64
16	809339	810349	1011	597	15	323.67	3.91	24.32	22.48
16	1022441	1023335	895	599	12	230.99	2.44	23.35	22.67
16	1063489	1064683	1195	615	16	169.37	2.44	26.38	26.13
16	1333041	1334082	1042	618	18	214.81	2.11	25.00	23.97
16	1722197	1723132	936	648	13	213.81	2.61	24.58	23.97
16	2700600	2701486	887	588	14	318.89	3.52	22.69	22.48
16	2953515	2954373	859	397	13	168.52	2.09	26.33	26.13
16	3390794	3391689	896	285	13	107.99	2.01	52.48	52.48
16	4306598	4307952	1355	596	22	299.33	2.09	24.14	22.64
16	5405604	5406687	1084	383	14	193.03	2.62	24.65	23.97
16	17745037	17746260	1224	628	17	279.01	3.29	27.06	22.64
16	19636589	19637728	1140	527	15	126.20	2.07	38.06	38.06
16	20140258	20140943	686	422	12	192.67	2.51	24.47	23.97
16	22788818	22789690	873	439	12	159.04	2.08	26.69	26.46
16	25832698	25833640	943	498	14	191.18	2.00	24.14	24.02
16	27788596	27789636	1041	419	14	211.57	2.77	24.77	23.97
16	28197410	28198454	1045	446	14	171.83	2.76	25.76	25.52
16	28420347	28421223	877	218	12	176.37	2.04	25.92	25.52
16	29729070	29729949	880	271	12	110.38	2.11	50.28	50.28
16	30002428	30003369	942	292	14	195.86	2.31	24.81	23.97
16	31012858	31014072	1215	522	23	236.12	2.33	24.03	22.67
16	31361570	31362461	892	295	16	176.70	2.23	25.86	25.52
16	49152341	49153265	925	305	13	148.59	2.45	28.17	28.11
16	49830183	49831033	851	386	12	141.63	2.05	30.94	30.88
16	53854735	53856003	1269	574	17	161.47	2.04	26.61	26.33
16	54615549	54616323	775	492	12	205.18	2.13	24.79	23.97
16	55321108	55322247	1140	676	18	160.83	2.48	26.39	26.33
16	55621157	55622388	1232	611	14	117.74	2.17	44.35	44.31
16	56077991	56078820	830	294	12	160.88	2.51	26.42	26.33
16	65822597	65823496	900	301	12	115.05	2.02	46.62	46.62
16	68345480	68346897	1418	801	35	338.44	2.56	26.04	22.48
16	69975681	69976825	1145	546	14	184.31	2.93	25.08	24.96
16	71567011	71567876	866	587	12	142.22	2.09	30.40	30.40
16	78377497	78378328	832	536	12	160.48	2.00	26.53	26.41
16	82543719	82545307	1589	840	30	270.27	2.01	27.08	22.64
16	82640547	82641460	914	611	12	218.64	2.71	24.87	23.97
16	82643180	82644096	917	281	12	198.50	3.47	25.53	23.97
16	83105123	83106167	1045	455	17	239.15	2.85	23.99	22.67
16	83521185	83522284	1100	430	17	222.22	2.56	24.60	23.97
16	83836463	83837766	1304	573	22	182.82	2.07	25.11	25.04
16	83991182	83992066	885	602	13	195.23	2.23	24.73	23.97
16	84162915	84164074	1160	687	20	253.16	2.65	23.89	22.64
16	84712772	84713697	926	277	13	136.32	2.07	32.01	32.01
16	84803556	84804479	924	626	14	195.08	2.00	24.68	23.97
16	85522841	85523976	1136	516	14	159.35	2.54	26.78	26.46
16	85908017	85909120	1104	303	28	431.80	2.61	39.39	22.48
16	86225760	86227015	1256	772	19	241.71	3.02	24.21	22.67
16	86508255	86509267	1013	546	15	162.42	2.04	26.97	26.33
16	86555562	86556459	898	418	12	157.08	2.12	26.90	26.46
16	86917890	86918747	858	557	13	268.41	3.58	26.77	22.64
16	86974650	86975949	1300	540	19	232.98	3.26	24.22	22.67
16	86995631	86996483	853	497	12	271.85	3.40	27.51	22.64
16	87036562	87037612	1051	523	16	306.89	3.26	24.06	22.64
16	87048275	87049287	1013	709	16	244.93	3.47	24.19	22.67
16	87112143	87113196	1054	396	14	239.52	2.86	24.07	22.67
16	87460323	87461184	862	561	12	231.13	3.53	23.42	22.67
16	88454153	88455070	918	300	12	196.49	3.09	24.95	23.97
16	88501428	88502506	1079	637	15	176.09	2.33	25.85	25.52
16	88507945	88508725	781	303	15	214.42	2.65	24.70	23.97
17	1249425	1250928	1504	726	38	377.99	3.14	26.56	22.48
17	1341948	1342955	1008	551	15	198.44	2.19	25.48	23.97
17	2251295	2252157	863	472	20	235.34	2.27	24.44	22.67
17	3450639	3451453	815	559	12	177.09	2.17	26.04	25.52
17	3610647	3611680	1034	469	14	188.87	2.71	24.58	24.38
17	6304605	6305503	899	288	12	169.32	2.00	26.44	26.13
17	9071319	9072226	908	518	12	228.43	3.66	23.05	22.79
17	12869379	12870181	803	444	13	208.42	2.44	25.71	23.97
17	15308282	15309907	1626	806	41	465.56	2.48	48.00	22.48
17	16848064	16848882	819	262	12	173.52	2.14	25.88	25.52
17	17411646	17412634	989	345	14	197.40	2.71	25.10	23.97
17	18816823	18817730	908	447	13	175.91	2.31	25.70	25.52
17	19941944	19942817	874	595	12	120.32	2.04	42.40	42.40
17	20858488	20859275	788	289	13	161.40	2.05	26.58	26.33
17	21206303	21207216	914	289	12	155.55	2.40	26.72	26.46
17	21944021	21945612	1592	828	49	184.91	2.28	24.96	24.88
17	22739810	22740824	1015	595	15	197.04	2.43	25.19	23.97
17	22829925	22830717	793	302	17	313.31	2.69	23.20	22.48
17	23884751	23885619	869	271	12	190.40	2.82	24.32	24.20
17	24089141	24089981	841	568	12	150.29	2.14	27.81	27.75
17	24237466	24238362	897	597	13	178.07	2.31	25.94	25.52
17	24968129	24968947	819	260	12	180.51	2.23	25.52	25.37
17	26946766	26947705	940	302	13	193.84	2.05	24.96	23.97
17	29832833	29833589	757	291	12	192.39	2.76	24.30	23.97
17	31195186	31196411	1226	672	18	192.47	2.25	24.39	23.97
17	35129160	35130064	905	293	13	209.25	2.15	25.11	23.97
17	37003792	37004759	968	564	14	203.17	2.19	25.26	23.97
17	37042071	37043498	1428	659	22	183.98	2.28	25.16	24.96
17	37220108	37221285	1178	622	18	268.00	2.69	26.50	22.64
17	37828326	37829484	1159	582	19	174.39	2.12	25.86	25.52
17	37952309	37953181	873	575	12	208.86	3.15	25.11	23.97
17	39511195	39512091	897	433	12	162.63	2.46	26.95	26.33
17	39744897	39745670	774	441	12	185.77	2.17	25.16	24.88
17	39748705	39749552	848	556	12	145.53	2.09	29.08	29.08
17	39757910	39759132	1223	588	20	223.26	2.30	24.39	23.97
17	40211904	40213052	1149	537	15	175.30	2.22	25.73	25.52
17	40401370	40402276	907	294	12	159.47	2.17	26.87	26.46
17	40769407	40770501	1095	612	15	171.82	2.08	25.73	25.52
17	41238983	41239891	909	416	14	234.82	2.41	24.20	22.67
17	42924651	42925433	783	299	12	147.24	2.17	28.51	28.51
17	43081467	43082832	1366	682	28	259.54	2.84	26.03	22.64
17	44446541	44447387	847	522	12	157.58	2.51	27.08	26.46
17	45790559	45791691	1133	593	15	165.20	2.08	26.57	26.33
17	53678018	53678808	791	461	12	184.93	2.21	25.00	24.88
17	59360950	59362150	1201	581	18	278.19	2.29	27.17	22.64
17	59405583	59406417	835	407	12	214.76	3.12	24.88	23.97
17	59434850	59435734	885	233	12	192.28	2.26	24.17	23.97
17	60201498	60202297	800	495	12	143.84	2.17	29.95	29.95
17	67696188	67697373	1186	807	27	358.05	2.28	26.32	22.48
17	68507381	68508477	1097	608	18	262.15	2.94	26.19	22.64
17	69583737	69585072	1336	668	21	257.48	2.17	25.99	22.64
17	69670908	69671990	1083	261	18	326.33	2.79	24.53	22.48
17	70076139	70077159	1021	728	19	277.62	2.39	26.55	22.64
17	70240014	70241833	1820	1197	33	399.91	2.30	32.61	22.48
17	71130019	71131037	1019	480	16	231.14	2.27	23.49	22.67
17	71891062	71891774	713	384	13	215.63	2.76	24.69	23.97
17	72288498	72289426	929	524	13	197.63	2.37	25.24	23.97
17	72764809	72765705	897	390	12	161.27	2.71	26.46	26.33
17	73359472	73360411	940	662	14	207.26	2.71	25.49	23.97
17	73641377	73642359	983	541	17	285.58	2.99	25.95	22.64
17	73985514	73986743	1230	583	24	286.35	2.40	25.64	22.64
17	74400292	74401669	1378	638	23	402.87	3.59	33.33	22.48
17	75324805	75325718	914	630	12	210.49	2.22	24.77	23.97
17	75409440	75410336	897	300	14	173.62	2.39	25.95	25.52
17	75625114	75625944	831	300	12	138.92	2.19	31.82	31.77
17	75901296	75902341	1046	521	17	203.34	2.44	25.36	23.97
17	76288624	76289754	1131	405	18	241.87	2.56	24.30	22.67
17	76419938	76420880	943	337	19	412.51	3.91	35.90	22.48
17	76706805	76707589	785	289	12	183.38	2.17	25.04	24.96
17	76837256	76838263	1008	573	23	307.31	2.93	23.48	22.64
17	76861401	76862341	941	272	14	253.87	3.09	24.38	22.64
17	78268924	78269874	951	398	15	250.12	2.93	22.90	22.64
18	4500379	4501303	925	520	24	418.76	3.26	37.84	22.48
18	9709280	9710221	942	495	15	231.96	2.94	23.78	22.67
18	33433640	33434458	819	262	12	184.88	2.57	24.92	24.88
18	44382886	44384222	1337	818	19	224.15	2.31	24.32	23.97
18	44438386	44439384	999	380	16	251.82	2.44	23.72	22.64
18	46060841	46063192	2352	928	61	773.34	3.12	100	22.48
18	53447528	53448548	1021	444	19	277.62	2.17	26.55	22.64
18	55176719	55177564	846	552	17	195.41	2.22	24.45	23.97
18	55657577	55658581	1005	714	16	272.47	2.69	27.96	22.64
18	58883352	58884278	927	366	13	148.23	2.01	28.23	28.20
18	58921125	58922387	1263	502	19	192.38	2.11	24.26	23.97
18	70927192	70928223	1032	578	13	178.69	2.37	25.51	25.51
18	71202207	71203315	1109	594	13	131.52	2.17	33.94	33.94
18	71591848	71592698	851	294	12	187.55	3.02	24.39	24.39
18	75285195	75286056	862	569	14	224.35	2.44	24.11	23.97
18	75712548	75713425	878	254	12	164.77	2.17	26.68	26.33
18	76035691	76036558	868	593	12	181.11	2.37	25.56	25.37
19	430992	431894	903	505	12	174.50	2.67	25.90	25.52
19	495284	496197	914	664	13	238.16	2.90	24.00	22.67
19	752961	753981	1021	502	13	139.11	2.09	31.85	31.77
19	787207	788101	895	291	13	264.98	4.48	26.83	22.64
19	939054	939822	769	304	14	300.53	4.20	23.94	22.64
19	1019649	1020553	905	303	12	174.13	2.37	25.96	25.52
19	1026001	1026630	630	330	14	195.75	2.23	24.77	23.97
19	1035994	1037226	1233	589	19	365.92	4.34	26.09	22.48
19	1092792	1093633	842	445	14	266.22	2.93	27.09	22.64
19	1115353	1116298	946	650	15	253.21	2.37	24.08	22.64
19	2299514	2300314	801	267	12	283.48	3.89	26.25	22.64
19	2312734	2314420	1687	907	33	362.66	2.44	27.40	22.48
19	3427418	3429090	1673	1295	25	363.25	2.71	26.39	22.48
19	4285537	4286469	933	245	13	154.25	2.33	26.58	26.58
19	4443049	4444606	1558	836	37	554.93	2.90	45.45	22.48
19	5473884	5474687	804	464	13	193.53	2.00	24.91	23.97
19	5517495	5518528	1034	449	17	205.93	2.24	24.79	23.97
19	5572995	5574489	1495	760	26	238.20	2.33	24.08	22.67
19	5632205	5633225	1021	544	19	245.03	2.49	24.28	22.67
19	5647470	5648261	792	262	12	166.04	2.22	26.80	26.33
19	5649794	5650707	914	481	12	186.80	2.58	24.80	24.64
19	6540625	6541410	786	298	13	215.52	2.76	24.63	23.97
19	7049577	7050664	1088	550	26	298.78	2.31	24.66	22.64
19	7148095	7149206	1112	672	20	224.60	2.45	24.24	23.97
19	7334118	7335233	1116	464	17	245.24	2.61	24.00	22.67
19	8219589	8220361	773	470	13	242.56	3.13	24.47	22.67
19	8839102	8840022	921	364	13	230.48	2.80	23.15	22.67
19	9978383	9979212	830	529	13	246.28	2.74	23.44	22.67
19	10261820	10262884	1065	611	14	160.06	2.16	26.54	26.45
19	10374793	10376770	1978	1203	42	505.00	2.44	62.50	22.48
19	10531431	10532268	838	536	12	208.65	3.02	25.66	23.97
19	11181871	11182930	1060	270	18	442.94	3.72	41.38	22.48
19	11200606	11201599	994	712	18	346.62	2.77	24.73	22.48
19	11201788	11202647	860	536	12	184.21	2.39	25.20	24.96
19	13123456	13125538	2083	1434	51	320.40	2.47	23.08	22.48
19	13735710	13736475	766	364	14	191.22	2.04	24.23	24.02
19	14030053	14030967	915	410	12	145.22	2.00	29.45	29.45
19	15096620	15097895	1276	512	29	339.86	2.67	25.26	22.48
19	16144649	16145428	780	500	14	237.83	2.63	23.92	22.67
19	16224481	16225366	886	618	12	163.28	2.17	26.65	26.33
19	16258511	16259407	897	599	13	248.27	3.37	23.51	22.67
19	16956626	16957720	1095	689	18	336.34	3.26	26.26	22.48
19	17489073	17490023	951	333	15	296.26	3.26	25.17	22.64
19	17803040	17803854	815	518	13	192.46	2.27	24.34	23.97
19	18390099	18391072	974	437	18	279.22	2.33	27.22	22.64
19	18439541	18440433	893	433	13	184.57	2.65	25.12	24.96
19	18654345	18655323	979	676	16	138.36	2.02	31.93	31.77
19	19132637	19133574	938	672	14	153.64	2.04	26.97	26.83
19	19233612	19234801	1190	592	14	196.88	3.58	25.09	23.97
19	33011407	33012493	1087	491	14	151.15	2.56	27.34	27.34
19	34695328	34696320	993	284	16	325.84	3.33	24.07	22.48
19	34964295	34965147	853	565	12	218.65	2.90	24.94	23.97
19	38454348	38455265	918	640	12	171.76	2.07	25.69	25.52
19	38687854	38688895	1042	494	15	209.18	2.12	25.06	23.97
19	39165745	39166643	899	598	13	173.54	2.26	25.92	25.52
19	39644254	39645441	1188	683	16	153.57	2.04	26.91	26.83
19	40278807	40279810	1004	451	13	154.38	2.76	26.59	26.53
19	44588786	44590386	1601	783	40	391.99	3.02	30.77	22.48
19	45740029	45740939	911	607	12	158.75	2.71	26.74	26.46
19	47112017	47112894	878	410	16	281.51	2.71	27.27	22.64
19	47113432	47114350	919	531	12	205.63	2.53	24.90	23.97
19	47114369	47115247	879	583	12	173.38	2.00	25.91	25.52
19	47262149	47263057	909	258	12	159.11	2.17	26.72	26.46
19	50062679	50063560	882	263	12	212.79	2.53	24.30	23.97
19	50460405	50461585	1181	573	16	181.81	2.33	25.11	25.11
19	51209217	51210119	903	693	12	115.48	2.04	46.48	46.48
19	51210553	51211203	651	356	16	202.35	2.12	25.05	23.97
19	52707503	52708798	1296	706	27	308.57	2.33	23.85	22.64
19	54629639	54630532	894	606	12	161.81	2.17	26.80	26.33
19	55689416	55690334	919	569	12	171.58	2.37	25.52	25.52
19	56005388	56006113	726	464	12	170.69	2.09	26.10	25.97
19	60651010	60652026	1017	310	14	208.88	2.07	25.17	23.97
19	60722259	60723302	1044	632	18	261.70	3.02	25.94	22.64
19	60729647	60730453	807	291	12	178.74	2.44	25.55	25.51
2	2494538	2495300	763	472	12	203.10	2.67	25.20	23.97
2	2835081	2836118	1038	504	14	188.14	2.44	24.51	24.39
2	3025676	3026700	1025	320	15	226.61	2.27	23.25	23.12
2	8654289	8655232	944	675	16	257.24	2.10	25.88	22.64
2	10069957	10071497	1541	670	28	265.41	2.02	26.96	22.64
2	10369107	10370893	1787	1163	31	474.92	2.53	54.55	22.48
2	16042761	16043631	871	297	12	163.37	2.14	26.56	26.33
2	16439133	16440300	1168	576	20	293.76	2.14	24.67	22.64
2	19410467	19411895	1429	775	28	219.37	2.26	25.06	23.97
2	20183856	20184796	941	656	13	173.82	2.63	25.99	25.52
2	27163097	27164072	976	303	15	227.97	2.44	22.79	22.79
2	27795925	27796985	1061	561	15	153.62	2.24	26.94	26.83
2	42188088	42189137	1050	745	14	156.09	2.54	26.67	26.46
2	53934569	53935467	899	268	12	162.27	2.46	26.99	26.33
2	57298284	57298986	703	285	12	183.38	2.19	25.00	24.96
2	58736835	58737827	993	698	14	185.79	2.05	25.20	24.88
2	67752521	67753987	1467	791	25	350.45	3.44	24.71	22.48
2	69294931	69295861	931	575	14	196.61	2.04	25.00	23.97
2	74560749	74561678	930	648	15	148.09	2.08	28.20	28.20
2	84909666	84911067	1402	782	20	141.42	2.04	30.88	30.88
2	85407908	85409517	1610	796	35	257.08	2.17	25.54	22.64
2	85836924	85837768	845	253	12	164.36	2.08	26.61	26.33
2	87476997	87477771	775	251	16	347.23	3.16	24.44	22.48
2	88286022	88286951	930	581	14	226.56	2.67	23.18	23.12
2	96287719	96288708	990	466	13	122.46	2.04	40.87	40.87
2	96830277	96831580	1304	615	21	355.10	3.26	26.92	22.48
2	99952876	99953764	889	294	12	156.10	2.35	26.70	26.46
2	99998472	99999566	1095	491	14	137.70	2.39	31.90	31.77
2	101392595	101393470	876	490	13	201.84	2.86	25.05	23.97
2	113504761	113505674	914	285	13	155.34	2.06	26.60	26.46
2	119700552	119701571	1020	586	15	210.25	2.35	25.11	23.97
2	121250883	121251759	877	355	20	391.85	3.76	30.19	22.48
2	128284249	128286419	2171	1034	53	510.72	2.00	66.67	22.48
2	130208995	130210078	1084	294	16	257.21	2.41	25.76	22.64
2	130233134	130234301	1168	551	18	272.25	2.71	27.81	22.64
2	131450469	131451809	1341	596	20	250.10	3.02	22.81	22.64
2	137615345	137616058	714	285	12	162.09	2.39	26.90	26.33
2	138786196	138787005	810	518	13	194.99	2.54	24.59	23.97
2	159769988	159770912	925	418	13	198.42	2.07	25.43	23.97
2	171392581	171393475	895	514	13	188.61	2.44	24.46	24.38
2	183195962	183196976	1015	561	13	146.15	2.17	28.76	28.76
2	201961883	201962707	825	353	14	176.02	2.43	25.81	25.52
2	202023857	202024653	797	494	22	362.46	3.19	27.03	22.48
2	216671342	216672444	1103	514	19	269.85	2.05	26.94	22.64
2	217381343	217382565	1223	450	21	324.20	2.51	23.85	22.48
2	219602410	219603446	1037	430	14	159.63	2.09	26.70	26.46
2	220137918	220138828	911	608	12	173.03	2.67	25.77	25.52
2	221977728	221978638	911	386	12	173.03	2.67	25.77	25.52
2	231481709	231482562	854	563	12	156.25	2.26	26.78	26.46
2	233441624	233442492	869	581	12	146.25	2.40	28.69	28.69
2	235918021	235919026	1006	299	17	264.30	2.04	26.44	22.64
2	237703704	237704838	1135	461	15	195.07	2.42	24.64	23.97
2	238138585	238139766	1182	641	17	205.88	2.56	24.74	23.97
2	238482562	238483549	988	225	14	207.55	2.29	25.71	23.97
2	238483903	238484718	816	481	12	173.38	2.39	25.91	25.52
2	239093568	239095181	1614	884	26	404.79	2.71	35.71	22.48
2	240502891	240503980	1090	525	16	201.75	2.36	25.15	23.97
2	241155110	241156235	1126	829	19	209.01	2.01	25.22	23.97
2	241587650	241588602	953	579	14	175.19	2.09	25.83	25.52
2	241598335	241599388	1054	414	13	207.26	2.83	25.43	23.97
2	242133313	242134670	1358	743	19	229.28	2.16	22.67	22.67
2	242462861	242463888	1028	490	15	291.63	3.45	25.66	22.64
20	345932	346855	924	632	13	153.48	2.06	26.89	26.83
20	1803608	1804609	1002	497	15	196.65	2.40	25.05	23.97
20	8742905	8743977	1073	501	15	171.67	2.04	25.59	25.52
20	16187123	16188039	917	292	13	188.80	2.51	24.50	24.38
20	24363713	24364536	824	549	12	165.88	2.31	26.73	26.33
20	24995551	24996852	1302	507	27	379.33	2.84	27.42	22.48
20	25210573	25211942	1370	549	19	218.08	2.31	24.74	23.97
20	30110045	30111016	972	673	13	189.42	2.37	24.50	24.38
20	31057930	31058787	858	286	12	199.30	2.28	25.10	23.97
20	31461909	31462749	841	299	12	202.75	2.61	25.05	23.97
20	31726107	31726999	893	592	13	161.77	2.09	26.77	26.33
20	32884511	32885655	1145	673	19	231.32	2.24	23.56	22.67
20	34033139	34033934	796	497	13	158.58	2.04	26.68	26.46
20	34242029	34242964	936	637	13	162.51	2.20	27.00	26.33
20	34604948	34605860	913	294	12	180.44	2.48	25.48	25.37
20	35467411	35468859	1449	750	18	118.73	2.23	43.83	43.83
20	35491838	35492728	891	500	13	186.44	2.40	24.92	24.84
20	36663032	36664058	1027	537	15	148.36	2.11	28.16	28.16
20	36714880	36716006	1127	303	18	268.95	3.10	26.40	22.64
20	42326538	42327438	901	607	12	153.94	2.61	26.82	26.79
20	44185388	44186299	912	374	12	185.50	2.24	25.00	24.88
20	45755908	45757000	1093	434	16	251.16	2.67	23.35	22.64
20	46216568	46217393	826	344	12	164.20	2.04	26.55	26.33
20	46752329	46753233	905	301	12	141.01	2.17	31.14	31.14
20	46970675	46971665	991	686	24	255.92	2.00	25.11	22.64
20	47095737	47097181	1445	701	33	388.15	3.11	29.63	22.48
20	47641688	47642656	969	297	15	203.47	2.16	25.47	23.97
20	48254610	48255807	1198	594	17	219.64	2.26	25.00	23.97
20	54813223	54814110	888	266	12	175.78	2.93	25.77	25.52
20	56205001	56205943	943	460	13	194.90	2.67	24.73	23.97
20	56631531	56632658	1128	584	17	186.64	2.04	24.76	24.64
20	59798337	59799484	1148	595	17	182.82	2.04	25.08	25.04
20	60238745	60239577	833	222	14	241.54	2.57	24.04	22.67
20	60366986	60367895	910	547	12	252.01	3.26	23.90	22.64
20	60583848	60584741	894	294	12	195.71	2.66	24.72	23.97
20	60586155	60587101	947	671	13	151.72	2.09	27.22	27.19
20	60592486	60593334	849	604	12	184.84	2.67	24.88	24.88
20	61100008	61100957	950	319	14	205.20	2.71	24.84	23.97
20	61358753	61359807	1055	463	16	334.23	4.07	25.74	22.48
20	61583791	61584679	889	631	12	213.36	2.93	24.64	23.97
20	61633406	61634401	996	660	14	180.80	2.26	25.45	25.37
20	61643474	61645829	2356	636	39	384.93	2.36	27.59	22.48
20	62052263	62053188	926	386	13	201.58	3.02	25.05	23.97
20	62254867	62255958	1092	598	16	277.88	2.99	27.01	22.64
21	32370319	32371207	889	278	13	223.45	2.28	24.46	23.97
21	40141156	40142074	919	635	13	134.46	2.04	32.95	32.95
21	42115016	42115922	907	633	12	162.20	2.48	26.93	26.33
21	42399889	42401647	1759	545	25	323.91	2.29	24.55	22.48
21	42732791	42733795	1005	376	14	182.03	2.04	25.23	25.11
21	42963401	42964317	917	442	15	156.84	2.15	26.81	26.46
21	43062013	43063425	1413	646	21	365.82	3.66	25.71	22.48
21	43102293	43103424	1132	660	19	288.23	3.26	25.97	22.64
21	43156204	43157096	893	279	12	149.09	2.00	28.05	28.05
21	43414964	43415835	872	288	12	214.78	3.26	24.94	23.97
21	43486074	43486958	885	604	12	176.35	2.35	25.88	25.52
21	43628944	43630861	1918	824	36	781.23	4.34	100	22.48
21	44148007	44148944	938	283	17	232.55	2.70	24.00	22.67
21	45154994	45155931	938	521	15	299.35	3.98	24.31	22.64
21	45286255	45287186	932	301	13	216.48	2.63	24.69	23.97
21	45595335	45596249	915	628	12	188.30	2.93	24.38	24.38
21	45597708	45598673	966	527	13	185.69	2.88	25.08	24.88
21	45879244	45881070	1827	975	32	489.93	2.51	57.89	22.48
22	18186332	18187378	1047	457	15	251.89	2.28	23.81	22.64
22	19180234	19181676	1443	302	48	697.87	2.76	75.00	22.48
22	22223394	22225579	2186	653	35	573.79	2.67	55.56	22.48
22	22432213	22432944	732	286	12	195.26	2.99	24.77	23.97
22	24677982	24678839	858	555	12	155.50	2.26	26.63	26.46
22	24859519	24860540	1022	720	15	236.64	2.37	24.26	22.67
22	25368058	25369045	988	287	13	171.02	2.17	25.95	25.95
22	26037956	26039027	1072	776	19	304.96	3.28	23.19	22.64
22	27845799	27847079	1281	715	19	219.40	3.04	25.13	23.97
22	29339131	29340060	930	303	13	162.33	2.19	27.06	26.33
22	29482510	29483351	842	538	12	158.54	2.26	26.65	26.46
22	34068062	34068919	858	580	12	155.50	2.00	26.63	26.46
22	34189132	34189970	839	544	13	172.65	2.56	25.70	25.52
22	34237293	34238197	905	616	12	137.58	2.12	31.80	31.77
22	34259552	34260405	854	298	12	162.62	2.35	27.03	26.33
22	35358394	35359203	810	260	12	176.73	2.15	25.93	25.52
22	35405635	35406897	1263	632	18	233.03	2.00	24.30	22.67
22	35550259	35551459	1201	582	20	309.44	2.84	22.48	22.48
22	35986989	35987910	922	623	14	168.52	2.17	26.36	26.13
22	36026329	36027226	898	293	12	193.21	2.96	24.69	23.97
22	36390876	36391788	913	614	13	202.48	2.39	25.15	23.97
22	36523734	36524574	841	408	12	157.75	2.24	27.06	26.46
22	36633139	36634147	1009	496	14	164.63	2.09	26.62	26.33
22	36750870	36751775	906	354	14	226.41	2.31	23.12	23.12
22	36754285	36755291	1007	298	14	195.54	2.19	24.54	23.97
22	37455744	37456605	862	597	14	201.20	2.17	25.15	23.97
22	37683416	37684506	1091	679	16	251.57	2.96	23.44	22.64
22	38698479	38699368	890	431	12	149.63	2.00	28.00	28.00
22	40172659	40173805	1147	391	40	548.22	2.25	50.00	22.48
22	41055925	41056813	889	289	12	189.83	2.55	24.41	24.38
22	41106202	41107111	910	609	12	134.49	2.56	32.88	32.88
22	42158202	42159200	999	359	15	306.13	4.37	23.70	22.64
22	42463941	42466251	2311	1620	36	456.07	2.79	46.15	22.48
22	42681851	42683271	1421	706	23	219.88	2.23	25.13	23.97
22	42873107	42874023	917	620	12	157.69	2.17	27.03	26.46
22	42881729	42882649	921	639	13	169.29	2.00	26.37	26.13
22	43026702	43027489	788	518	12	234.69	2.56	23.97	22.67
22	43349939	43350810	872	575	16	264.58	2.26	26.70	22.64
22	43658318	43659253	936	241	13	192.99	2.04	24.60	23.97
22	45064413	45065685	1273	615	18	244.62	2.65	24.01	22.67
22	45231601	45232485	885	586	12	206.48	2.45	25.16	23.97
22	45779682	45780589	908	284	15	199.48	2.20	24.95	23.97
22	47035225	47036164	940	560	13	248.31	3.14	23.60	22.67
22	47663486	47664497	1012	571	17	278.48	2.17	27.49	22.64
22	47919716	47920868	1153	605	17	279.23	2.17	27.38	22.64
22	48231742	48232760	1019	486	13	196.33	2.58	24.91	23.97
22	48932514	48933365	852	557	13	183.08	2.26	25.08	25.04
22	49272413	49273253	841	303	12	158.74	2.26	26.71	26.46
22	49460401	49461300	900	279	26	493.81	3.45	61.11	22.48
3	382889	383798	910	626	12	189.23	2.61	24.58	24.38
3	4063215	4064285	1071	493	13	183.80	3.16	25.08	24.96
3	5256035	5256851	817	291	12	176.68	2.17	25.78	25.52
3	10826766	10827742	977	244	15	188.83	2.02	24.54	24.38
3	11133150	11134070	921	295	13	169.29	2.26	26.37	26.13
3	11741047	11741932	886	375	12	140.89	2.12	31.18	31.18
3	13215900	13216758	859	560	12	197.38	3.23	25.05	23.97
3	13264347	13265142	796	494	12	210.57	3.23	24.83	23.97
3	14318257	14319174	918	614	13	155.80	2.77	26.64	26.46
3	14398498	14399419	922	290	13	178.87	2.38	25.62	25.51
3	31548141	31549419	1279	706	38	494.72	3.01	64.71	22.48
3	37698917	37700021	1105	735	17	238.35	2.00	24.16	22.67
3	37809245	37810155	911	463	12	153.46	2.10	26.86	26.83
3	38492165	38493184	1020	540	14	147.83	2.36	28.35	28.35
3	39124044	39124859	816	336	12	161.16	2.22	26.40	26.33
3	39483491	39484352	862	258	14	240.01	2.64	24.15	22.67
3	42542845	42544009	1165	542	16	192.28	2.65	24.13	23.97
3	42717356	42718372	1017	581	15	202.81	2.26	25.10	23.97
3	43806410	43807360	951	402	14	201.78	2.67	25.00	23.97
3	44690398	44691417	1020	616	14	197.99	3.09	25.34	23.97
3	47326891	47327729	839	301	12	147.22	2.09	28.59	28.59
3	47396441	47398674	2234	1368	50	615.71	2.53	42.86	22.48
3	48431264	48432213	950	297	13	190.30	2.62	24.20	24.20
3	48482931	48484265	1335	659	27	353.29	2.35	25.30	22.48
3	48585886	48586755	870	434	12	202.15	2.69	25.20	23.97
3	49032908	49034192	1285	972	39	480.03	2.91	57.14	22.48
3	49562262	49563154	893	590	12	149.09	2.00	28.05	28.05
3	49685292	49686751	1460	1170	37	403.84	2.25	34.88	22.48
3	50327503	50328497	995	592	16	234.72	2.26	24.05	22.67
3	50418151	50419285	1135	604	15	166.23	2.09	26.87	26.33
3	52480256	52481173	918	678	12	165.87	2.00	26.70	26.33
3	53007893	53009146	1254	725	21	257.15	2.04	25.65	22.64
3	53149153	53149965	813	298	14	192.18	2.39	24.09	23.97
3	53179484	53180741	1258	610	17	208.54	2.76	25.83	23.97
3	53240707	53241700	994	620	13	131.11	2.16	34.10	34.10
3	57049515	57050428	914	638	14	224.66	2.88	24.31	23.97
3	83583858	83584704	847	303	13	225.18	2.82	24.17	23.97
3	90530361	90530943	583	291	17	220.43	2.02	24.67	23.97
3	102962759	102963865	1107	623	14	125.87	2.05	38.59	38.56
3	121371059	121371915	857	266	12	147.29	2.14	28.57	28.51
3	124176813	124177837	1025	519	14	164.38	2.12	26.64	26.33
3	126264863	126265541	679	304	12	175.97	2.02	25.77	25.52
3	127750952	127751865	914	629	12	188.49	2.93	24.42	24.38
3	128418018	128418898	881	614	12	161.51	2.14	26.64	26.33
3	129561176	129562041	866	487	15	229.91	2.43	22.81	22.67
3	129607256	129608012	757	286	12	163.81	2.33	26.42	26.33
3	129670021	129670966	946	662	14	204.40	2.42	24.69	23.97
3	134877877	134878734	858	542	13	232.06	2.96	23.85	22.67
3	138191333	138192089	757	295	12	163.81	2.09	26.42	26.33
3	169448880	169449658	779	296	12	159.14	2.33	26.75	26.46
3	170045502	170046892	1391	938	24	378.57	2.31	26.98	22.48
3	185436310	185437126	817	484	12	169.90	2.08	26.25	26.13
3	186011995	186013516	1522	752	28	211.72	2.08	24.59	23.97
3	195471081	195471972	892	269	12	159.49	2.40	26.90	26.46
3	196145075	196145975	901	438	17	259.19	2.90	25.68	22.64
3	196288767	196289675	909	705	12	257.48	2.87	26.11	22.64
3	198565290	198566258	969	372	13	160.46	2.26	26.50	26.41
3	198870335	198871764	1430	780	20	215.23	2.17	24.45	23.97
4	2280239	2281118	880	388	12	213.18	2.90	24.53	23.97
4	2659060	2660004	945	299	14	160.38	2.13	26.44	26.41
4	2803105	2804087	983	679	13	281.41	5.83	26.95	22.64
4	3634283	3635199	917	304	13	203.37	2.41	25.41	23.97
4	6223205	6224371	1167	301	20	354.13	2.93	25.93	22.48
4	6446201	6447083	883	401	13	176.71	2.00	25.89	25.52
4	7415065	7416135	1071	672	18	356.00	4.80	27.27	22.48
4	7665928	7667285	1358	625	17	175.38	2.56	25.77	25.52
4	7864827	7865722	896	605	12	156.13	2.10	26.73	26.46
4	9591391	9592440	1050	552	14	194.07	2.83	25.05	23.97
4	24599694	24600543	850	567	13	207.39	2.86	25.60	23.97
4	39971914	39973063	1150	845	30	484.39	2.68	55.00	22.48
4	76774322	76775475	1154	290	20	311.89	2.76	22.83	22.48
4	76838778	76839689	912	278	12	172.85	2.07	25.77	25.52
4	150284278	150285265	988	349	14	179.45	2.47	25.55	25.51
4	189982264	189983284	1021	616	14	215.38	2.46	24.51	23.97
5	530981	532152	1172	702	16	161.30	2.30	26.52	26.33
5	704182	705381	1200	435	20	261.42	2.39	25.82	22.64
5	1212878	1213966	1089	607	15	188.96	2.76	24.67	24.38
5	2634380	2635760	1381	736	19	185.58	2.24	25.04	24.88
5	3541593	3542719	1127	528	14	175.80	2.21	25.81	25.52
5	4133211	4134580	1370	829	19	193.49	2.30	24.87	23.97
5	5357419	5358338	920	289	13	183.66	2.17	25.00	24.96
5	5945449	5946230	782	382	12	181.25	2.14	25.60	25.37
5	6313076	6313934	859	412	12	146.92	2.14	28.76	28.69
5	7423917	7424969	1053	591	13	117.73	2.31	44.31	44.31
5	8261055	8262381	1327	378	22	328.27	2.26	24.76	22.48
5	9460405	9461916	1512	809	25	230.44	2.46	23.01	22.67
5	10346598	10347462	865	597	13	152.02	2.13	27.17	27.17
5	15146015	15146862	848	354	13	148.87	2.25	28.20	28.11
5	32037965	32039415	1451	687	25	257.63	2.23	26.22	22.64
5	33707500	33708570	1071	535	15	136.36	2.25	31.84	31.84
5	57813754	57814847	1094	654	16	171.37	2.25	25.62	25.59
5	60493361	60494736	1376	556	37	322.01	2.37	23.48	22.48
5	61470052	61470945	894	305	12	126.64	2.17	37.79	37.79
5	68400455	68401144	690	406	12	195.67	2.31	24.68	23.97
5	75588762	75589862	1101	434	15	153.85	2.33	26.79	26.79
5	93394927	93395770	844	277	12	125.58	2.04	38.56	38.56
5	132830063	132831501	1439	757	31	380.01	2.77	26.67	22.48
5	132874951	132876101	1151	655	17	168.01	2.10	26.20	26.13
5	134286960	134288980	2021	1210	100	323.16	2.03	24.11	22.48
5	137117130	137118959	1830	1003	50	424.64	2.68	38.24	22.48
5	139241269	139242177	909	638	13	120.88	2.04	42.06	42.06
5	146619522	146620407	886	525	12	138.64	2.09	31.89	31.77
5	149788333	149789178	846	363	12	154.09	2.20	26.84	26.79
5	168690917	168691759	843	451	12	146.47	2.09	28.78	28.69
5	170115545	170116729	1185	560	15	145.03	2.39	29.52	29.49
5	170864291	170865390	1100	553	15	164.18	2.45	26.51	26.33
5	171527994	171529431	1438	712	21	231.80	2.13	23.71	22.67
5	176159343	176160683	1341	726	25	319.72	2.30	22.88	22.48
5	177614775	177615598	824	367	12	189.91	2.37	24.49	24.38
5	177717236	177718481	1246	708	22	250.14	2.35	22.99	22.64
5	177879202	177879998	797	518	14	224.02	2.51	24.25	23.97
5	179991252	179992092	841	298	12	217.28	3.19	24.56	23.97
6	3166805	3167794	990	603	20	318.60	3.30	22.50	22.48
6	3519871	3520667	797	295	13	206.75	2.40	25.21	23.97
6	7860020	7861267	1248	651	16	147.63	2.07	28.40	28.40
6	11535337	11536205	869	448	14	136.80	2.06	31.91	31.84
6	12991981	12992730	750	247	14	245.79	3.41	23.36	22.67
6	13311467	13312362	896	631	12	148.55	2.00	28.11	28.11
6	16808693	16809610	918	655	12	128.82	2.04	35.92	35.92
6	33814496	33815371	876	575	12	165.14	2.44	26.63	26.33
6	33952429	33953247	819	540	12	173.38	2.40	25.91	25.52
6	39898849	39899729	881	464	13	251.74	3.00	23.62	22.64
6	42145179	42145949	771	479	12	171.73	2.24	25.62	25.52
6	43322527	43323669	1143	477	17	259.37	2.83	25.79	22.64
6	43369576	43370902	1327	780	24	317.19	2.44	23.14	22.48
6	44162734	44163595	862	558	12	154.75	2.00	26.46	26.46
6	82772127	82772983	857	259	13	168.93	2.09	26.27	26.13
6	86408884	86409975	1092	707	31	444.50	2.74	42.86	22.48
6	86687009	86687866	858	303	12	155.50	2.00	26.63	26.46
6	106366417	106367147	731	347	13	180.18	2.33	25.41	25.37
6	154716892	154717799	908	582	16	285.64	2.86	25.48	22.64
6	166980941	166981777	837	540	12	126.84	2.04	37.73	37.73
6	168665663	168666521	859	565	12	172.55	2.51	25.76	25.52
6	169388892	169389701	810	551	12	152.84	2.33	26.88	26.88
6	169457659	169458542	884	504	14	212.87	2.36	24.36	23.97
7	306184	307048	865	477	12	181.69	2.67	25.23	25.23
7	315117	316007	891	617	13	268.32	3.30	26.63	22.64
7	317358	318522	1165	585	17	179.63	2.04	25.44	25.44
7	719223	720465	1243	622	17	222.02	3.15	24.47	23.97
7	898240	900337	2098	1515	36	438.42	2.04	40.00	22.48
7	1013805	1015510	1706	561	28	435.11	2.71	40.62	22.48
7	1022874	1023781	908	605	14	236.92	2.13	24.17	22.67
7	1060943	1061938	996	750	16	283.25	2.48	26.71	22.64
7	1383338	1384218	881	608	12	139.53	2.09	31.82	31.77
7	1532061	1532964	904	574	12	135.51	2.09	32.43	32.43
7	1550080	1551194	1115	609	15	207.30	2.81	25.54	23.97
7	1763874	1765500	1627	784	29	424.38	3.05	36.11	22.48
7	1940117	1940988	872	489	13	133.13	2.11	33.59	33.59
7	2206362	2207109	748	266	12	151.37	2.13	27.37	27.34
7	3289308	3290362	1055	453	15	201.70	2.84	25.10	23.97
7	4722915	4724016	1102	552	17	186.35	2.38	24.84	24.84
7	4819213	4820120	908	516	12	146.44	2.00	28.75	28.69
7	4933823	4934843	1021	606	13	151.52	2.00	27.19	27.19
7	5544569	5545411	843	303	12	146.47	2.09	28.78	28.69
7	6894843	6896101	1259	620	22	397.65	3.55	30.61	22.48
7	30760241	30761485	1245	453	23	274.67	2.53	26.67	22.64
7	44238242	44239763	1522	839	23	366.89	2.67	26.47	22.48
7	47357485	47359005	1521	927	28	252.46	2.21	23.69	22.64
7	47628124	47629398	1275	690	16	128.41	2.30	36.14	36.14
7	47641081	47642602	1522	695	27	306.25	2.35	23.88	22.64
7	48000429	48001828	1400	796	26	216.99	2.04	24.37	23.97
7	51049814	51050674	861	303	12	111.85	2.08	49.11	49.11
7	54309427	54310641	1215	548	16	147.95	2.43	28.28	28.28
7	55239217	55240660	1444	772	28	228.73	2.21	22.90	22.79
7	66589661	66590590	930	615	15	213.44	2.90	24.52	23.97
7	66972012	66972912	901	623	15	257.95	2.31	25.89	22.64
7	68041449	68042815	1367	580	19	160.77	2.35	26.33	26.33
7	71242058	71243066	1009	507	13	182.71	2.07	25.15	25.11
7	71515710	71517037	1328	551	22	256.82	2.57	25.21	22.64
7	72658937	72659756	820	304	17	177.11	2.27	26.08	25.52
7	72756501	72757635	1135	516	16	194.69	2.14	24.59	23.97
7	72758481	72759397	917	288	12	148.58	2.05	28.14	28.11
7	73101059	73102767	1709	917	32	377.42	2.17	26.15	22.48
7	73613632	73614495	864	247	12	170.18	2.21	26.16	26.13
7	75472488	75473429	942	434	16	201.32	2.85	25.20	23.97
7	75501179	75502323	1145	512	15	164.54	2.09	26.55	26.33
7	75748047	75748682	636	298	19	267.74	2.21	26.87	22.64
7	75864384	75865786	1403	721	21	126.36	2.04	38.04	38.04
7	75981258	75982471	1214	564	18	224.69	2.33	24.38	23.97
7	76464031	76465384	1354	648	34	403.27	2.04	34.09	22.48
7	93049390	93050220	831	547	12	159.43	2.24	26.84	26.46
7	97924575	97925476	902	630	12	115.64	2.04	46.43	46.43
7	97992474	97993328	855	291	13	169.34	2.09	26.47	26.13
7	98051749	98052858	1110	542	18	191.97	2.59	24.01	23.97
7	98298787	98299656	870	569	12	141.49	2.09	30.91	30.88
7	99654498	99655382	885	305	13	159.67	2.05	26.73	26.46
7	99792044	99792970	927	446	13	143.69	2.17	30.12	30.12
7	99810114	99811264	1151	586	17	168.01	2.10	26.20	26.13
7	100200387	100201280	894	607	12	193.97	2.30	25.00	23.97
7	101060593	101061907	1315	691	19	182.84	2.11	25.15	25.04
7	101790438	101791210	773	461	16	259.41	2.82	25.91	22.64
7	101803872	101804769	898	609	12	175.43	2.67	25.80	25.52
7	112482579	112483561	983	591	13	158.00	2.00	27.01	26.46
7	113211394	113212271	878	293	12	137.84	2.06	31.89	31.77
7	131487927	131488961	1035	472	15	180.11	2.05	25.37	25.37
7	131897283	131898149	867	292	13	162.01	2.04	26.86	26.33
7	131898446	131899356	911	605	12	132.13	2.06	33.82	33.78
7	131906418	131907298	881	618	13	139.36	2.01	31.89	31.77
7	132013474	132014355	882	279	13	207.16	2.07	25.38	23.97
7	147657512	147659796	2285	685	38	349.13	2.33	25.29	22.48
7	149330733	149332134	1402	673	22	250.08	2.24	22.73	22.64
7	150344559	150345497	939	637	17	227.92	2.04	23.01	23.01
7	152065276	152066408	1133	781	15	181.07	2.51	25.53	25.37
7	154299013	154299911	899	300	14	170.74	2.14	26.17	25.97
7	154552801	154553977	1177	646	16	154.18	2.23	26.66	26.66
7	155375951	155377851	1901	1001	42	527.16	2.12	50.00	22.48
7	155960081	155961439	1359	628	23	202.99	2.01	25.15	23.97
7	155982953	155985445	2493	1617	47	606.74	2.94	37.50	22.48
7	157041496	157042328	833	412	13	185.75	2.49	25.12	24.88
7	157250696	157251640	945	403	13	178.88	2.71	25.66	25.51
7	157261250	157262779	1530	741	24	343.81	2.54	25.53	22.48
7	157306880	157307981	1102	452	16	176.42	2.33	25.85	25.52
7	157324651	157326320	1670	616	25	388.11	2.62	29.09	22.48
7	157473174	157474338	1165	696	18	236.39	2.11	24.10	22.67
7	157508995	157509828	834	531	14	204.76	2.85	24.74	23.97
7	157569811	157570679	869	526	13	172.87	2.17	25.84	25.52
7	157733531	157735279	1749	1164	35	470.12	2.11	52.17	22.48
7	158080308	158081466	1159	407	57	399.34	2.45	31.25	22.48
7	158472770	158474313	1544	452	32	546.03	3.11	46.15	22.48
8	290178	291367	1190	558	22	334.66	2.98	26.00	22.48
8	543785	544740	956	281	13	162.80	2.00	26.86	26.33
8	741706	742482	777	504	12	180.95	2.91	25.49	25.37
8	934959	935716	758	482	12	189.31	2.71	24.62	24.38
8	1139025	1139932	908	278	12	202.04	2.80	25.15	23.97
8	1188940	1189793	854	511	12	200.10	2.61	25.05	23.97
8	6696022	6696975	954	284	15	322.19	4.07	23.89	22.48
8	21449898	21450818	921	503	13	183.47	2.44	25.08	24.96
8	22157825	22158962	1138	551	24	183.70	2.02	25.04	24.96
8	22536013	22536897	885	583	13	222.43	2.26	24.46	23.97
8	22632689	22633917	1229	611	19	313.60	2.99	23.39	22.48
8	27584455	27585565	1111	636	16	228.01	2.99	22.86	22.79
8	29977432	29978314	883	302	13	151.88	2.17	27.24	27.19
8	37494350	37495533	1184	580	22	234.73	2.28	24.13	22.67
8	37815920	37816838	919	624	12	167.14	2.02	26.69	26.33
8	40127968	40129188	1221	498	17	156.88	2.11	26.84	26.46
8	41179186	41180425	1240	585	16	233.26	3.10	24.38	22.67
8	41835223	41836414	1192	513	14	160.82	2.69	26.36	26.33
8	48838734	48839692	959	689	17	287.59	2.14	25.81	22.64
8	49267119	49268680	1562	835	28	260.77	2.17	26.64	22.64
8	52771229	52772410	1182	617	17	224.50	3.03	24.18	23.97
8	55353347	55354422	1076	460	16	161.20	2.11	26.43	26.33
8	67586997	67588175	1179	589	16	168.00	2.17	26.16	26.13
8	99898723	99899886	1164	460	18	191.74	2.13	23.97	23.97
8	100576471	100578107	1637	836	40	128.73	2.11	35.98	35.98
8	104000730	104002014	1285	752	17	221.92	2.99	24.67	23.97
8	126118750	126119631	882	452	14	244.71	2.77	24.10	22.67
8	130555161	130556180	1020	585	13	154.33	2.29	26.53	26.53
8	134377547	134378739	1193	504	21	197.46	2.02	25.19	23.97
8	140778243	140779375	1133	520	15	228.72	3.16	22.83	22.79
8	142463398	142464312	915	646	12	183.30	2.53	24.96	24.96
8	142746883	142747766	884	421	14	260.33	3.66	26.39	22.64
8	142932526	142933386	861	567	12	167.98	2.44	26.13	26.13
8	142936868	142938029	1162	682	19	336.70	3.07	26.53	22.48
8	143087144	143087957	814	521	12	203.28	2.53	25.31	23.97
8	143091821	143092726	906	644	14	247.08	2.55	23.25	22.67
8	143243002	143244097	1096	426	14	177.87	2.44	26.01	25.52
8	143271417	143272544	1128	662	14	188.87	2.67	24.58	24.38
8	143335131	143336164	1034	600	14	160.16	2.09	26.58	26.45
8	143512822	143513614	793	429	14	241.12	2.44	23.79	22.67
8	143578958	143579879	922	550	13	316.32	4.89	23.58	22.48
8	143597943	143598888	946	293	14	223.16	2.37	24.32	23.97
8	144529803	144530714	912	290	12	227.65	3.26	23.16	23.10
8	144543066	144543839	774	469	12	160.18	2.33	26.61	26.45
8	144796384	144797296	913	241	12	172.67	2.07	25.73	25.52
8	144873692	144874553	862	472	12	154.75	2.51	26.46	26.46
8	145088856	145090085	1230	469	22	351.88	3.01	25.00	22.48
8	145174506	145175438	933	659	14	193.22	2.00	24.73	23.97
8	145185634	145186602	969	480	13	256.95	2.96	25.32	22.64
8	145634741	145635728	988	256	15	253.88	2.17	24.48	22.64
8	145982684	145983358	675	278	17	255.40	2.63	24.89	22.64
9	17594159	17594915	757	471	13	216.31	2.14	24.81	23.97
9	36753582	36755088	1507	526	28	334.17	2.39	25.49	22.48
9	36838042	36838890	849	409	13	210.88	2.91	24.94	23.97
9	38385158	38386078	921	303	14	175.01	2.02	25.86	25.52
9	90777671	90779505	1835	1454	37	445.31	2.06	44.44	22.48
9	90863795	90865047	1253	818	18	190.38	2.07	24.28	24.20
9	91114952	91116188	1237	889	33	273.03	2.01	27.87	22.64
9	91288902	91290116	1215	753	23	412.87	3.26	36.84	22.48
9	91516232	91517543	1312	675	17	235.15	2.64	24.36	22.67
9	94576887	94577789	903	297	12	158.84	2.15	26.66	26.46
9	94981716	94982596	881	577	12	211.06	3.22	24.77	23.97
9	96885203	96886101	899	440	12	153.02	2.07	26.91	26.88
9	97828454	97829464	1011	660	16	251.01	2.46	23.26	22.64
9	110418904	110419906	1003	299	17	232.28	2.44	23.93	22.67
9	123608625	123609562	938	275	15	255.05	2.37	24.69	22.64
9	126630797	126632087	1291	674	16	137.47	2.24	31.77	31.77
9	127211368	127213610	2243	886	59	468.46	2.20	50.00	22.48
9	128209169	128209965	797	365	12	144.43	2.17	29.91	29.91
9	129350947	129352207	1261	626	17	150.25	2.11	27.78	27.75
9	130154442	130155384	943	698	13	243.12	2.68	24.20	22.67
9	130557036	130557894	859	301	12	143.50	2.33	30.19	30.16
9	131186043	131187030	988	299	16	251.59	2.41	23.53	22.64
9	131197336	131198743	1408	727	21	262.10	2.56	26.07	22.64
9	131300715	131301502	788	297	14	163.88	2.17	26.48	26.33
9	131469197	131470004	808	503	12	228.23	3.26	22.99	22.79
9	132345381	132346260	880	284	12	174.32	2.02	25.79	25.52
9	132972347	132973264	918	353	12	157.51	2.17	27.05	26.46
9	135238853	135239867	1015	459	14	139.68	2.04	31.75	31.75
9	135366737	135367614	878	592	12	179.19	2.67	25.63	25.51
9	135387880	135388702	823	464	12	162.26	2.00	26.96	26.33
9	135706483	135707383	901	304	12	147.67	2.26	28.42	28.40
9	135708859	135709815	957	360	13	161.29	2.49	26.49	26.33
9	136316735	136317541	807	531	16	347.23	3.29	24.44	22.48
9	136711776	136712643	868	595	12	236.46	3.66	24.18	22.67
9	137122920	137123784	865	297	13	226.73	2.58	23.31	23.12
9	137293178	137294196	1019	585	15	202.40	2.26	25.10	23.97
9	137643072	137644258	1187	641	18	411.36	4.19	37.50	22.48
9	137867895	137868799	905	636	15	249.46	2.51	22.64	22.64
9	137958510	137959538	1029	510	18	424.57	5.08	37.14	22.48
9	138415426	138416258	833	280	12	186.53	2.05	24.68	24.64
9	138424816	138425918	1103	290	24	353.93	2.46	25.61	22.48
9	138924549	138925451	903	606	12	229.41	2.85	22.74	22.67
9	138964382	138965147	766	293	12	161.88	2.56	26.83	26.33
9	139156238	139157141	904	445	12	253.21	4.19	23.98	22.64
9	139250316	139251676	1361	616	22	241.27	2.30	23.88	22.67
9	139289786	139290741	956	299	13	176.82	2.17	26.01	25.52
9	139379521	139380478	958	542	17	337.57	3.26	25.77	22.48
9	139620674	139621623	950	297	15	191.20	2.21	24.19	24.02
9	140067015	140067913	899	487	14	254.78	2.63	24.58	22.64
X	411224	412286	1063	638	16	175.97	2.04	25.74	25.52
X	752446	753428	983	715	17	346.79	3.47	25.00	22.48
X	1345575	1346443	869	303	12	260.41	3.72	26.51	22.64
X	1983217	1984023	807	512	12	222.64	2.80	24.53	23.97
X	2640395	2641526	1132	665	18	208.10	2.23	25.60	23.97
X	23710532	23711604	1073	769	26	303.51	2.85	22.86	22.64
X	58577301	58578910	1610	835	55	120.13	2.05	42.74	42.74
X	130984566	130985438	873	616	12	175.65	2.59	25.87	25.52
X	134883020	134884049	1030	522	16	196.05	2.39	24.86	23.97
Y	11656105	11656726	622	293	12	239.11	3.26	23.91	22.67
